//Giovanna Santos Rigolei R.A 11202020381

//Substituição do entorno por -1

import java.util.Scanner;

class Main {
  public static void main(String[] args) { 
  int lin=0, col=0, l=0, c=0;
  int Matriz [][] = {
  {1,2,3,4,5,6,7,8,9,10,11,12,13,14,15,16,17,18,19,20,21,22,23,24,25,26,27,28,29,30,31,32,33,34,35,36,37,38,39,40},
  {1,2,3,4,5,6,7,8,9,10,11,12,13,14,15,16,17,18,19,20,21,22,23,24,25,26,27,28,29,30,31,32,33,34,35,36,37,38,39,40},
  {1,2,3,4,5,6,7,8,9,10,11,12,13,14,15,16,17,18,19,20,21,22,23,24,25,26,27,28,29,30,31,32,33,34,35,36,37,38,39,40},
  {1,2,3,4,5,6,7,8,9,10,11,12,13,14,15,16,17,18,19,20,21,22,23,24,25,26,27,28,29,30,31,32,33,34,35,36,37,38,39,40},
  {1,2,3,4,5,6,7,8,9,10,11,12,13,14,15,16,17,18,19,20,21,22,23,24,25,26,27,28,29,30,31,32,33,34,35,36,37,38,39,40},
  {1,2,3,4,5,6,7,8,9,10,11,12,13,14,15,16,17,18,19,20,21,22,23,24,25,26,27,28,29,30,31,32,33,34,35,36,37,38,39,40},
  {1,2,3,4,5,6,7,8,9,10,11,12,13,14,15,16,17,18,19,20,21,22,23,24,25,26,27,28,29,30,31,32,33,34,35,36,37,38,39,40},
  {1,2,3,4,5,6,7,8,9,10,11,12,13,14,15,16,17,18,19,20,21,22,23,24,25,26,27,28,29,30,31,32,33,34,35,36,37,38,39,40},
  {1,2,3,4,5,6,7,8,9,10,11,12,13,14,15,16,17,18,19,20,21,22,23,24,25,26,27,28,29,30,31,32,33,34,35,36,37,38,39,40},
  {1,2,3,4,5,6,7,8,9,10,11,12,13,14,15,16,17,18,19,20,21,22,23,24,25,26,27,28,29,30,31,32,33,34,35,36,37,38,39,40},
  {1,2,3,4,5,6,7,8,9,10,11,12,13,14,15,16,17,18,19,20,21,22,23,24,25,26,27,28,29,30,31,32,33,34,35,36,37,38,39,40},
  {1,2,3,4,5,6,7,8,9,10,11,12,13,14,15,16,17,18,19,20,21,22,23,24,25,26,27,28,29,30,31,32,33,34,35,36,37,38,39,40},
  {1,2,3,4,5,6,7,8,9,10,11,12,13,14,15,16,17,18,19,20,21,22,23,24,25,26,27,28,29,30,31,32,33,34,35,36,37,38,39,40},
  {1,2,3,4,5,6,7,8,9,10,11,12,13,14,15,16,17,18,19,20,21,22,23,24,25,26,27,28,29,30,31,32,33,34,35,36,37,38,39,40},
  {1,2,3,4,5,6,7,8,9,10,11,12,13,14,15,16,17,18,19,20,21,22,23,24,25,26,27,28,29,30,31,32,33,34,35,36,37,38,39,40},
  {1,2,3,4,5,6,7,8,9,10,11,12,13,14,15,16,17,18,19,20,21,22,23,24,25,26,27,28,29,30,31,32,33,34,35,36,37,38,39,40},
  {1,2,3,4,5,6,7,8,9,10,11,12,13,14,15,16,17,18,19,20,21,22,23,24,25,26,27,28,29,30,31,32,33,34,35,36,37,38,39,40},
  {1,2,3,4,5,6,7,8,9,10,11,12,13,14,15,16,17,18,19,20,21,22,23,24,25,26,27,28,29,30,31,32,33,34,35,36,37,38,39,40},
  {1,2,3,4,5,6,7,8,9,10,11,12,13,14,15,16,17,18,19,20,21,22,23,24,25,26,27,28,29,30,31,32,33,34,35,36,37,38,39,40},
  {1,2,3,4,5,6,7,8,9,10,11,12,13,14,15,16,17,18,19,20,21,22,23,24,25,26,27,28,29,30,31,32,33,34,35,36,37,38,39,40},
  {1,2,3,4,5,6,7,8,9,10,11,12,13,14,15,16,17,18,19,20,21,22,23,24,25,26,27,28,29,30,31,32,33,34,35,36,37,38,39,40},
  {1,2,3,4,5,6,7,8,9,10,11,12,13,14,15,16,17,18,19,20,21,22,23,24,25,26,27,28,29,30,31,32,33,34,35,36,37,38,39,40},
  {1,2,3,4,5,6,7,8,9,10,11,12,13,14,15,16,17,18,19,20,21,22,23,24,25,26,27,28,29,30,31,32,33,34,35,36,37,38,39,40},
  {1,2,3,4,5,6,7,8,9,10,11,12,13,14,15,16,17,18,19,20,21,22,23,24,25,26,27,28,29,30,31,32,33,34,35,36,37,38,39,40},
  {1,2,3,4,5,6,7,8,9,10,11,12,13,14,15,16,17,18,19,20,21,22,23,24,25,26,27,28,29,30,31,32,33,34,35,36,37,38,39,40},
  {1,2,3,4,5,6,7,8,9,10,11,12,13,14,15,16,17,18,19,20,21,22,23,24,25,26,27,28,29,30,31,32,33,34,35,36,37,38,39,40},
  {1,2,3,4,5,6,7,8,9,10,11,12,13,14,15,16,17,18,19,20,21,22,23,24,25,26,27,28,29,30,31,32,33,34,35,36,37,38,39,40},
  {1,2,3,4,5,6,7,8,9,10,11,12,13,14,15,16,17,18,19,20,21,22,23,24,25,26,27,28,29,30,31,32,33,34,35,36,37,38,39,40},
  {1,2,3,4,5,6,7,8,9,10,11,12,13,14,15,16,17,18,19,20,21,22,23,24,25,26,27,28,29,30,31,32,33,34,35,36,37,38,39,40},
  {1,2,3,4,5,6,7,8,9,10,11,12,13,14,15,16,17,18,19,20,21,22,23,24,25,26,27,28,29,30,31,32,33,34,35,36,37,38,39,40}
  };

  System.out.println();
  System.out.println("Matriz:");
  System.out.println();


 for(l=0;l<=29;l++){
  for(c=0;c<=39;c++){
  System.out.print(Matriz[l][c] + " ");
  if(c==39) {
  System.out.println();
    }
   }
 }

  Scanner teclado = new Scanner(System.in);
  System.out.println();
  System.out.println("Informe uma linha (de 0 a 29)");
  lin  = teclado.nextInt();
  System.out.println();
  System.out.println("Informe uma coluna (de 0 a 39)");
  col  = teclado.nextInt();
  
  //Miolo

  if(lin>0 && col>0){
    if(lin<29 && col<39){
  Matriz[lin-1][col-1]=-1;
  Matriz[lin+1][col+1]=-1;
  Matriz[lin][col-1]=-1;
  Matriz[lin][col+1]=-1;
  Matriz[lin-1][col]=-1;
  Matriz[lin+1][col]=-1;
  Matriz[lin-1][col+1]=-1;
  Matriz[lin+1][col-1]=-1;
    }
  }

 //Quinas

  if (lin==0 && col==0){
   Matriz[lin+1][col+1]=-1;
   Matriz[lin][col+1]=-1;
   Matriz[lin+1][col]=-1;
  }
  if (lin==0 && col==39){
   Matriz[lin][col-1]=-1;
   Matriz[lin+1][col-1]=-1;
   Matriz[lin+1][col]=-1;
  }
  if (lin==29 && col==0){
   Matriz[lin-1][col+1]=-1;
   Matriz[lin][col+1]=-1;
   Matriz[lin-1][col]=-1;
  }
  if (lin==29 && col==39){
   Matriz[lin-1][col-1]=-1;
   Matriz[lin][col-1]=-1;
   Matriz[lin-1][col]=-1;
  }

  //Margens

  if (lin==0 && col>0 && col<39){
   Matriz[lin+1][col+1]=-1;
   Matriz[lin][col-1]=-1;
   Matriz[lin][col+1]=-1;
   Matriz[lin+1][col]=-1;
   Matriz[lin+1][col-1]=-1;
  }
  
  if (lin>0 && lin<29 && col==0){
  Matriz[lin-1][col]=-1;
  Matriz[lin-1][col+1]=-1;
  Matriz[lin][col+1]=-1;
  Matriz[lin+1][col]=-1;
  Matriz[lin+1][col+1]=-1;
  }
  
   if (lin==29 && col>0 && col<39){
  Matriz[lin-1][col-1]=-1;
  Matriz[lin][col-1]=-1;
  Matriz[lin-1][col]=-1;
  Matriz[lin][col+1]=-1;
  Matriz[lin-1][col+1]=-1;
  }

   if (lin>0 && lin<29 && col==39){
  Matriz[lin-1][col-1]=-1;
  Matriz[lin-1][col]=-1;
  Matriz[lin][col-1]=-1;
  Matriz[lin+1][col]=-1;
  Matriz[lin+1][col-1]=-1;
  }

  System.out.println();
  System.out.println("Matriz após a substituição por -1:");
  System.out.println();


  for(l=0;l<=29;l++){
    for(c=0;c<=39;c++){
    System.out.print(Matriz[l][c] + " ");
    if(c==39) {
    System.out.println();
    }
    }
    }
    
  
}


}

 





